#-------------------------- MACHO Project ---------------------------
# Star 104.20251.50               18:03:34.050 -28:00:18.94 (J2000.0)
#--------------------------------------------------------------------
# Creation date (JD-2.449e+06): 1890.1104            278 observations
# Calibration: instrumental
#--------------------------------------------------------------------
# HJD-2.449e+06    r       err_r        b       err_b     obsid  tran
#    (days)      (mag)     (mag)      (mag)     (mag)
#--------------------------------------------------------------------
    54.2919     -7.976     0.017     -6.969     0.022      4096     0
    62.2839    -99.000   -99.000     -7.091     0.019      4245     0
    65.2374    -99.000   -99.000     -7.194     0.016      4316     0
    66.2445     -8.213     0.016     -7.188     0.016      4381     0
    67.2132     -8.218     0.016     -7.224     0.017      4401     0
    70.2273    -99.000   -99.000     -7.260     0.015      4573     0
    76.2393     -8.435     0.016    -99.000   -99.000      4672     0
    77.2944     -8.468     0.016     -7.464     0.018      4756     0
    79.2549     -8.519     0.016    -99.000   -99.000      4808     0
    81.2868     -8.570     0.016    -99.000   -99.000      4880     0
    83.2176     -8.649     0.020     -7.677     0.030      4935     0
    87.1737     -8.771     0.016     -7.748     0.017      5063     0
    87.1776     -8.750     0.017     -7.743     0.020      5064     0
    89.1569    -99.000   -99.000     -7.800     0.017      5141     0
    89.1608     -8.822     0.016     -7.828     0.019      5142     0
    90.2438    -99.000   -99.000     -7.861     0.016      5210     0
    92.2503     -8.922     0.017     -7.909     0.021      5224     0
    92.2541     -8.920     0.016     -7.927     0.020      5225     0
    94.2964     -9.004     0.015     -7.997     0.016      5278     0
    95.1988     -9.051     0.015    -99.000   -99.000      5351     0
    98.2029     -9.166     0.015    -99.000   -99.000      5630     0
   100.1307     -9.258     0.015    -99.000   -99.000      5757     0
   104.1196     -9.418     0.015    -99.000   -99.000      5925     0
   108.2585     -9.594     0.015     -8.589     0.015      6112     0
   109.1045     -9.614     0.015    -99.000   -99.000      6168     0
   112.1520     -9.715     0.016    -99.000   -99.000      6334     0
   113.1257     -9.713     0.015    -99.000   -99.000      6407     0
   115.1390     -9.729     0.015     -8.737     0.016      6515     0
   118.1277     -9.713     0.015    -99.000   -99.000      6588     0
   119.2427     -9.700     0.015    -99.000   -99.000      6673     0
   121.1323     -9.636     0.015    -99.000   -99.000      6756     0
   123.1618     -9.584     0.015     -8.576     0.016      6895     0
   124.1077     -9.559     0.015    -99.000   -99.000      6973     0
   125.1163     -9.527     0.015    -99.000   -99.000      7077     0
   126.1118     -9.495     0.015     -8.487     0.015      7183     0
   127.1044     -9.445     0.015    -99.000   -99.000      7294     0
   127.3036     -9.442     0.015     -8.454     0.016      7340     0
   128.0709     -9.422     0.015    -99.000   -99.000      7393     0
   128.2803     -9.411     0.015     -8.405     0.015      7449     0
   131.0741     -9.306     0.015    -99.000   -99.000      7488     0
   133.0888     -9.218     0.015    -99.000   -99.000      7541     0
   134.0787     -9.188     0.015    -99.000   -99.000      7618     0
   135.1042     -9.248     0.015    -99.000   -99.000      7700     0
   135.2800     -9.151     0.015     -8.143     0.015      7742     0
   136.0776     -9.128     0.015    -99.000   -99.000      7798     0
   139.1280     -9.019     0.016    -99.000   -99.000      7827     0
   141.1451     -8.967     0.016    -99.000   -99.000      7861     0
   142.0966     -8.933     0.016    -99.000   -99.000      7911     0
   143.0997     -8.893     0.016     -7.898     0.018      7973     0
   143.1664     -8.927     0.025    -99.000   -99.000      7988     0
   147.0283     -8.789     0.016    -99.000   -99.000      8282     0
   148.0600     -8.752     0.016    -99.000   -99.000      8307     0
   152.0400     -8.669     0.017    -99.000   -99.000      8336     0
   153.0132     -8.647     0.015    -99.000   -99.000      8439     0
   154.0377     -8.670     0.015    -99.000   -99.000      8547     0
   156.1999     -8.575     0.016     -7.569     0.018      8604     0
   157.0497     -8.548     0.016    -99.000   -99.000      8655     0
   157.1748     -8.555     0.016     -7.567     0.017      8684     0
   160.1740     -8.492     0.016    -99.000   -99.000      8714     0
   161.9691     -8.455     0.018     -7.457     0.026      8740     0
   162.1852     -8.457     0.019     -7.445     0.026      8791     0
   163.0090     -8.441     0.016    -99.000   -99.000      8844     0
   163.2063    -99.000   -99.000     -7.453     0.021      8887     0
   164.0213     -8.433     0.015    -99.000   -99.000      8952     0
   164.2186     -8.411     0.016     -7.429     0.017      8990     0
   165.0027     -8.403     0.016    -99.000   -99.000      9049     0
   165.2101     -8.398     0.017     -7.421     0.020      9096     0
   165.9861     -8.381     0.016    -99.000   -99.000      9143     0
   166.1911     -8.390     0.016     -7.397     0.018      9189     0
   166.9639     -8.368     0.016     -7.373     0.017      9229     0
   170.0328     -8.320     0.016    -99.000   -99.000      9299     0
   176.9481     -8.198     0.016    -99.000   -99.000      9404     0
   177.9872     -8.183     0.017    -99.000   -99.000      9417     0
   178.9265     -8.183     0.016    -99.000   -99.000      9450     0
   179.1505     -8.203     0.016    -99.000   -99.000      9509     0
   180.0997     -8.149     0.016    -99.000   -99.000      9536     0
   180.9371     -8.152     0.016    -99.000   -99.000      9575     0
   181.1387     -8.152     0.016    -99.000   -99.000      9620     0
   181.9556     -8.146     0.016    -99.000   -99.000      9677     0
   182.0855     -8.133     0.016     -7.147     0.018      9710     0
   184.9493     -8.101     0.016     -7.098     0.016      9852     0
   188.9654     -8.046     0.016     -7.061     0.017     10106     0
   189.9559     -8.034     0.016     -7.042     0.018     10203     0
   191.9317     -8.028     0.016    -99.000   -99.000     10284     0
   194.9130     -7.988     0.017    -99.000   -99.000     10294     0
   195.1199     -8.001     0.017    -99.000   -99.000     10346     0
   195.9541     -7.978     0.016    -99.000   -99.000     10399     0
   195.9607     -7.984     0.016    -99.000   -99.000     10401     0
   196.8952     -7.963     0.016    -99.000   -99.000     10446     0
   197.1140     -7.977     0.017     -6.997     0.022     10497     0
   200.9668     -8.024     0.016    -99.000   -99.000     10606     0
   202.0004     -7.923     0.019    -99.000   -99.000     10629     0
   203.8847     -7.889     0.016     -6.901     0.018     10676     0
   204.9014     -7.886     0.016     -6.889     0.017     10761     0
   205.8696     -7.878     0.016     -6.888     0.018     10832     0
   208.8757     -7.857     0.016     -6.854     0.017     10882     0
   210.8936     -7.850     0.028    -99.000   -99.000     11059     0
   211.0197     -7.820     0.017     -6.832     0.021     11093     0
   212.0120     -7.812     0.018    -99.000   -99.000     11166     0
   212.8912     -7.803     0.024     -6.860     0.040     11221     0
   215.9479     -7.786     0.017     -6.796     0.021     11277     0
   216.9695     -7.783     0.021    -99.000   -99.000     11346     0
   217.8742     -7.811     0.032    -99.000   -99.000     11421     0
   218.0453     -7.759     0.016     -6.790     0.018     11461     0
   218.8827     -7.762     0.016    -99.000   -99.000     11500     0
   219.0529     -7.768     0.016     -6.770     0.019     11535     0
   219.8909     -7.751     0.016    -99.000   -99.000     11584     0
   221.8835     -7.738     0.016     -6.750     0.017     11678     0
   222.8786     -7.751     0.016     -6.756     0.017     11736     0
   223.8767     -7.772     0.016     -6.728     0.018     11828     0
   223.9673     -7.719     0.016    -99.000   -99.000     11855     0
   224.8878     -7.770     0.016     -6.713     0.019     11900     0
   224.9697     -7.760     0.016     -6.708     0.019     11923     0
   226.9415     -7.657     0.020    -99.000   -99.000     12007     0
   233.8821     -7.617     0.029    -99.000   -99.000     12041     0
